m=[4     6     5     6     7    15     8    14    14    11    12     9     8    14 ];
g=[ 0     3     3     3     4    24     7    24    24    14    14     7     7    14];

er = sum((m-g).^2)
